%YAML:1.0
---
body_T_cam0: !!opencv-matrix
   rows: 4
   cols: 4
   dt: d
   data: [ 1.5736831811076879e-02, -9.9986879762647529e-01,
       3.8392261637553030e-03, -8.4417340694618506e-03,
       9.9978302309958145e-01, 1.5787659285380506e-02,
       1.3588838660841738e-02, -7.8989613813324977e-02,
       -1.3647668167548879e-02, 3.6245478718487595e-03,
       9.9990029693280580e-01, -1.5209257258239665e-03, 0., 0., 0., 1. ]
